0 0.533094 0.583743 0.057422 0.079403
0 0.380340 0.477951 0.040680 0.040042
0 0.332187 0.484688 0.039531 0.046986
0 0.257262 0.480806 0.036773 0.042500
0 0.467051 0.420319 0.034602 0.036611
0 0.443539 0.502944 0.049437 0.066778
0 0.657918 0.699174 0.088586 0.113542
0 0.544996 0.502125 0.044727 0.050056
0 0.308668 0.521285 0.039961 0.057486
0 0.628617 0.510549 0.052250 0.047597
0 0.703902 0.503556 0.056852 0.056694
0 0.920125 0.651618 0.100234 0.102764
0 0.766156 0.642278 0.077375 0.085111
0 0.498109 0.628722 0.066484 0.102194
0 0.597602 0.826569 0.094047 0.139778
0 0.248992 0.446278 0.030328 0.039222
0 0.648309 0.565792 0.056461 0.053528
0 0.467348 0.446549 0.040352 0.034764
0 0.401004 0.677993 0.060992 0.113764
0 0.424727 0.432882 0.027422 0.032153
0 0.369398 0.590465 0.046719 0.075653
0 0.343555 0.426111 0.031641 0.033889
0 0.872953 0.931847 0.147063 0.135750
0 0.663242 0.969382 0.111016 0.061236
0 0.376141 0.519090 0.045938 0.049903
0 0.542996 0.463542 0.049164 0.047639
