0 0.833984 0.556361 0.084922 0.077444
0 0.839027 0.618604 0.091758 0.080875
0 0.499820 0.556868 0.065250 0.073042
0 0.491508 0.462472 0.038531 0.040222
0 0.626020 0.499549 0.052102 0.053181
0 0.447813 0.457743 0.046500 0.048264
0 0.440617 0.581764 0.052109 0.067083
0 0.342871 0.543014 0.040086 0.067778
0 0.723254 0.550396 0.064523 0.070153
0 0.595125 0.529715 0.048922 0.058597
0 0.532348 0.679090 0.070008 0.114042
0 0.350352 0.473090 0.047578 0.064097
0 0.287496 0.597882 0.072820 0.165625
0 0.245977 0.518924 0.042734 0.082986
0 0.970723 0.715778 0.057383 0.121778
0 0.515617 0.438201 0.047687 0.050875
0 0.430227 0.422889 0.032641 0.038833
0 0.253320 0.456799 0.035078 0.034458
0 0.243168 0.430271 0.036305 0.035014
0 0.324105 0.414410 0.031961 0.032819
0 0.364551 0.436021 0.037227 0.042125
0 0.285230 0.403542 0.026852 0.027889
