0 0.333816 0.486021 0.042555 0.046042
0 0.911410 0.609181 0.084070 0.083583
0 0.510500 0.564389 0.054641 0.065167
0 0.544289 0.736479 0.073797 0.116208
0 0.737738 0.495493 0.051555 0.053764
0 0.294336 0.778486 0.077891 0.150000
0 0.391797 0.637340 0.087656 0.191153
0 0.732840 0.797097 0.115836 0.181417
0 0.920891 0.552542 0.070578 0.062750
0 0.431785 0.510389 0.049633 0.062750
0 0.429305 0.571167 0.041359 0.056861
0 0.372852 0.476681 0.037234 0.042083
0 0.260273 0.480118 0.035953 0.050625
0 0.288934 0.440243 0.037023 0.041764
0 0.400180 0.416826 0.038094 0.036708
0 0.748547 0.577972 0.070609 0.064361
0 0.301063 0.596229 0.042797 0.074347
0 0.897281 0.460250 0.070922 0.064389
0 0.328020 0.541375 0.038570 0.062972
0 0.292254 0.506646 0.039008 0.062097
0 0.251699 0.551090 0.041086 0.049458
0 0.322051 0.417250 0.041477 0.034167
