0 0.437301 0.443931 0.030195 0.031778
0 0.347246 0.433229 0.035586 0.044236
0 0.507941 0.443472 0.118695 0.132778
0 0.428203 0.502993 0.045937 0.056708
0 0.367914 0.509799 0.046578 0.063514
0 0.453094 0.957806 0.117406 0.083944
0 0.732812 0.625840 0.072813 0.065569
0 0.205887 0.487896 0.034008 0.054486
0 0.560852 0.510090 0.048672 0.048569
0 0.289469 0.501903 0.037484 0.041806
0 0.745027 0.559569 0.055695 0.054778
0 0.659371 0.514181 0.059820 0.047861
0 0.240484 0.466326 0.041906 0.049708
0 0.502387 0.554028 0.049195 0.056472
0 0.267316 0.539250 0.040164 0.069194
0 0.620637 0.550562 0.052273 0.055542
0 0.866848 0.720812 0.096039 0.097514
0 0.777797 0.540986 0.047625 0.049194
0 0.394266 0.691528 0.063062 0.093444
