0 0.984496 0.636264 0.030555 0.087583
0 0.432969 0.898965 0.104219 0.200431
0 0.597656 0.640833 0.072813 0.089167
0 0.561031 0.489611 0.045594 0.046833
0 0.343680 0.492444 0.040922 0.051278
0 0.295270 0.466826 0.043789 0.045569
0 0.567891 0.446465 0.041234 0.035014
0 0.240074 0.522292 0.041102 0.065417
0 0.629785 0.561507 0.054852 0.050625
0 0.830715 0.612056 0.071617 0.062139
0 0.274785 0.839493 0.085648 0.135764
0 0.860586 0.711986 0.114219 0.103583
0 0.665457 0.521118 0.050961 0.044931
0 0.307414 0.529340 0.047016 0.072653
0 0.423809 0.421687 0.037070 0.034153
0 0.507133 0.464465 0.040359 0.037986
0 0.382117 0.625639 0.050766 0.080111
0 0.855621 0.948729 0.112180 0.102542
0 0.334027 0.432222 0.029680 0.031944
