0 0.229891 0.453257 0.038297 0.040708
0 0.522148 0.662243 0.071312 0.118208
0 0.575641 0.483625 0.050875 0.052889
0 0.249590 0.913201 0.100195 0.158625
0 0.363871 0.440069 0.035852 0.037083
0 0.496348 0.553000 0.050195 0.068250
0 0.421789 0.543812 0.054625 0.070875
0 0.443934 0.465722 0.036914 0.048556
0 0.491527 0.438750 0.034461 0.040472
0 0.597523 0.469660 0.034766 0.045403
0 0.461684 0.454069 0.034461 0.045944
0 0.369094 0.412924 0.032406 0.033042
0 0.263992 0.485361 0.036734 0.042361
0 0.236848 0.521799 0.036695 0.052542
0 0.671914 0.959854 0.111641 0.080292
0 0.409402 0.675194 0.059086 0.113833
0 0.284801 0.690958 0.060633 0.132806
0 0.340656 0.542938 0.051359 0.061986
0 0.850840 0.694007 0.089523 0.083181
0 0.267227 0.587076 0.047422 0.076542
0 0.700340 0.598917 0.066695 0.071306
0 0.715336 0.513646 0.055375 0.059792
0 0.456187 0.604014 0.051344 0.077194
0 0.774734 0.870417 0.118641 0.148306
0 0.877773 0.645674 0.082687 0.071264
0 0.313867 0.415049 0.029781 0.041597
