0 0.474023 0.429944 0.048516 0.055583
0 0.811191 0.676153 0.085023 0.082917
0 0.682719 0.721694 0.086203 0.128083
0 0.522504 0.693181 0.066523 0.116250
0 0.676910 0.580743 0.062211 0.066819
0 0.929129 0.608486 0.083602 0.075306
0 0.397578 0.657521 0.069687 0.137236
0 0.596523 0.529813 0.038641 0.048931
0 0.662512 0.473431 0.043758 0.036583
0 0.936516 0.692208 0.085641 0.076556
0 0.979398 0.580125 0.041125 0.071694
0 0.447281 0.573403 0.053781 0.065833
0 0.610254 0.474090 0.050336 0.051625
0 0.391852 0.447271 0.033797 0.036875
0 0.282738 0.782111 0.078508 0.169556
0 0.674980 0.961944 0.104633 0.076111
0 0.546746 0.585354 0.071461 0.105431
0 0.285164 0.634674 0.047219 0.070319
0 0.276551 0.588736 0.044023 0.053306
0 0.330781 0.545632 0.041469 0.062375
0 0.237996 0.523993 0.036352 0.049903
0 0.342266 0.494597 0.042750 0.053306
0 0.500809 0.481549 0.045930 0.052181
0 0.445301 0.468507 0.039555 0.044236
0 0.534305 0.435618 0.035094 0.044236
