0 0.778430 0.655236 0.084578 0.071583
0 0.709703 0.551840 0.060687 0.062014
0 0.360301 0.415347 0.029227 0.026806
0 0.343227 0.433389 0.028922 0.026806
0 0.387902 0.430229 0.032570 0.031069
0 0.275828 0.488757 0.039078 0.048292
0 0.322059 0.475625 0.040039 0.049139
0 0.505301 0.421806 0.103414 0.087222
0 0.374176 0.507326 0.047242 0.055125
0 0.470879 0.970854 0.107773 0.058292
0 0.256066 0.944340 0.095961 0.110236
0 0.626270 0.868875 0.115898 0.171917
0 0.653160 0.439847 0.122117 0.090583
0 0.961977 0.608479 0.073234 0.078875
0 0.258871 0.547778 0.041852 0.073333
0 0.565293 0.477146 0.051898 0.048764
0 0.821996 0.562410 0.068773 0.055764
0 0.423371 0.561854 0.050445 0.071014
0 0.331895 0.536979 0.041836 0.062375
0 0.569094 0.528188 0.054563 0.047236
0 0.802020 0.506889 0.066117 0.047667
0 0.682031 0.501028 0.052500 0.045944
0 0.301055 0.650069 0.051656 0.093056
