0 0.842543 0.615944 0.072773 0.069472
0 0.616543 0.497646 0.051570 0.059653
0 0.736105 0.518403 0.052773 0.050639
0 0.700043 0.537701 0.057023 0.058625
0 0.476270 0.632667 0.059898 0.081889
0 0.274355 0.460972 0.035742 0.032194
0 0.438078 0.582187 0.048578 0.062819
0 0.463555 0.455035 0.034797 0.038986
0 0.515980 0.433854 0.045273 0.038986
0 0.407078 0.452076 0.035266 0.038125
0 0.379676 0.516042 0.046227 0.067778
0 0.328930 0.539917 0.043703 0.062056
0 0.231836 0.471222 0.036641 0.038111
0 0.284922 0.625569 0.061094 0.103528
0 0.990824 0.647847 0.018023 0.069028
0 0.662523 0.470715 0.046703 0.041514
0 0.543621 0.586785 0.058617 0.082181
0 0.292566 0.503799 0.040148 0.049764
0 0.623305 0.679708 0.078016 0.101861
0 0.462125 0.518583 0.053859 0.067778
0 0.323441 0.445292 0.042414 0.046611
0 0.552844 0.472118 0.052297 0.055625
0 0.262273 0.898542 0.121719 0.191667
0 0.778332 0.642958 0.087617 0.117111
