0 0.377129 0.441701 0.033789 0.039542
0 0.528711 0.726479 0.068359 0.103097
0 0.718422 0.604090 0.064609 0.080347
0 0.850078 0.562396 0.061766 0.079153
0 0.785410 0.561993 0.099039 0.095264
0 0.276934 0.604681 0.046836 0.076667
0 0.456922 0.587201 0.055906 0.070347
0 0.591023 0.523118 0.037328 0.045514
0 0.386320 0.626479 0.060344 0.094069
0 0.482926 0.471910 0.041492 0.029542
0 0.575605 0.480167 0.052039 0.051056
0 0.613719 0.476444 0.036594 0.034639
0 0.306184 0.413299 0.020102 0.019597
0 0.409266 0.436944 0.032125 0.032944
0 0.266129 0.484542 0.043242 0.053444
0 0.345418 0.490389 0.046133 0.057833
0 0.257070 0.553021 0.039953 0.058542
0 0.453762 0.521528 0.048617 0.052778
0 0.815742 0.922431 0.161641 0.155139
0 0.431523 0.935417 0.134297 0.128611
0 0.482750 0.452618 0.040453 0.065792
