0 0.835090 0.689382 0.090305 0.084542
0 0.282715 0.652715 0.056102 0.099875
0 0.555629 0.460847 0.035242 0.038972
0 0.391551 0.431319 0.031227 0.032639
0 0.459605 0.469417 0.037820 0.043306
0 0.260953 0.546271 0.043562 0.061764
0 0.384031 0.484799 0.045766 0.049014
0 0.614297 0.506292 0.053375 0.050833
0 0.970195 0.721889 0.059609 0.094139
0 0.621336 0.455479 0.046422 0.040042
0 0.630516 0.487042 0.059766 0.041750
0 0.245195 0.468882 0.037844 0.045958
0 0.431102 0.944208 0.133234 0.109333
0 0.313176 0.478236 0.043008 0.044111
0 0.825633 0.553174 0.072484 0.071042
0 0.765207 0.602361 0.067398 0.075500
0 0.486316 0.457500 0.033727 0.033611
0 0.323633 0.527153 0.045859 0.072083
0 0.503043 0.649896 0.070320 0.107847
0 0.348984 0.438153 0.030313 0.019639
0 0.559059 0.775174 0.082117 0.124764
